
0, 2376.0, 3187.0, 235.00796037813842
1, 2710.0, 226.0, -111.00922560664205
2, 2298.5, 3239.5, 55.92573466397956
3, 2839.0, 177.0, 43.05624968528703
4, 2614.0, 375.0, -1.9822849098729165
5, 4215.0, 3504.0, 131.94954910759583
6, 2276.0, 3474.0, 149.8586666860606
7, 4379.0, 1555.0, 96.03078857205496
8, 3952.0, 2174.0, 261.8066633246101
9, 360.0, 3132.0, 24.790516839474833
10, 2429.5, 1151.5, 100.90808249738993
12, 429.5, 3272.5, 81.9167821921266
13, 2549.5, 943.5, 73.02056232040039
14, 3329.5, 643.5, 177.0226742598529
15, 2421.5, 3450.5, 136.10297018991292
16, 174.0, 2762.0, 178.0089326228113
17, 4146.5, 1467.5, 168.432966341225
19, 639.0, 3319.0, 69.0408134392974
20, 389.5, 1491.5, -34.96034859084384
21, 708.5, 1450.5, -77.03276036944872
22, 2906.5, 1528.5, -24.119558837745505
23, 2894.0, 1326.0, 66.91123488951845
24, 2917.0, 3466.0, 22.853576308617818
25, 2247.0, 1162.0, 180.98715498784875
26, 667.5, 1008.5, 218.96634691633014
27, 4149.5, 1704.5, -79.21043570802259
28, 329.5, 2691.5, 147.99584451535162
29, 2508.5, 3372.5, -61.759613072142685
30, 4623.5, 352.5, 135.1530760444994
31, 1972.5, 3520.5, -54.99288410232752
32, 588.5, 3140.5, 189.71883436622372
33, 3794.5, 730.5, 90.04074943753852
34, 2793.0, 375.0, 272.7010552657972
37, 3861.5, 1832.5, -114.99604833521353
38, 4114.0, 1593.0, 86.80988307580539
39, 588.0, 1424.0, 233.98315585824184
40, 2609.5, 3504.5, 185.07061645880086
41, 2167.5, 3596.5, 33.55883290597157
43, 540.5, 3028.5, 267.74667343845834
44, 975.5, 785.5, 130.61059525163262
45, 3488.5, 3151.5, -26.161056545807945
46, 4134.5, 2496.5, -18.18850983602931
47, 3482.5, 2670.5, 116.04394492979465
48, 1498.5, 3493.5, -5.5453071478411005
49, 491.5, 3328.5, -23.969266602850915
50, 3488.5, 1837.5, 302.9681301218618
51, 727.0, 1803.0, 132.0865295915956
53, 2539.0, 797.0, -75.75794515210403
54, 1624.0, 1528.0, 114.03704426396405
55, 3752.0, 2246.0, 15.028046118976668
56, 1807.0, 3112.0, 240.9790883914539
58, 3728.0, 3651.0, 30.741702804225298
59, 3928.5, 2405.5, 134.98144792309225
60, 218.5, 2113.5, 126.8817402781093
61, 1644.5, 3353.5, 122.99123306227825
62, 1825.0, 2494.0, 331.8707880519689
63, 4042.0, 1781.0, -4.148936648743383
64, 1701.5, 1393.5, 215.0170845453888
65, 2920.0, 2036.0, 56.07729512434278
66, 3249.0, 837.0, -24.050244053082654
67, 4703.0, 2272.0, 203.03192036115277
68, 3154.0, 513.0, 227.43401079082625
69, 4091.5, 1221.5, 113.14310871694525
71, 2579.5, 1086.5, 102.26296370604688
73, 4240.5, 1245.5, 72.98913585254252
74, 2238.5, 2054.5, 96.92331669364955
75, 474.0, 1923.0, 61.984275269930436
76, 4633.5, 2454.5, 38.012460009229116
77, 4515.0, 2383.0, 23.881763822546368
79, 711.0, 1587.0, 120.81079727912626
80, 2943.0, 1601.0, 160.88703400732675
81, 3682.0, 1773.0, 3.902665064059629
82, 4676.0, 1230.0, -64.45986879943203
83, 3609.0, 1870.0, 59.086009814315
84, 566.0, 1880.0, -81.0101484950981
85, 3626.5, 126.5, 254.0886920427958
86, 4523.5, 3261.5, 174.02282748130426
87, 915.5, 1165.5, 40.99987344045263
88, 2394.5, 1743.5, 128.0033879796137
89, 4074.0, 1047.0, 110.18705603595859
90, 4194.0, 1342.0, 187.91789513043165
92, 3216.0, 673.0, 232.36058505702908
93, 828.0, 958.0, 127.8020399318086
94, 4098.5, 352.5, 268.02859946836827
95, 3369.5, 597.5, 251.87441723999433
96, 2483.0, 2646.0, 72.04397512127946
97, 3968.0, 795.0, 11.354513463813507
98, 1437.0, 2251.0, -4.100693879282356
99, 3922.0, 1946.0, -46.20981066805889
100, 1832.0, 519.0, 49.02019677069286
101, 2162.0, 3199.0, -42.98760344144352
102, 4041.0, 1973.0, -49.97862169149079
103, 2697.0, 1044.0, 99.82698676510425
105, 1569.5, 1836.5, -61.0381144284539
106, 4203.5, 1064.5, 130.0463383474842
107, 713.0, 2814.0, 168.105302483127
108, 2874.0, 2207.0, -25.671599383433268
109, 1692.0, 3011.0, 199.93085475285466
110, 3897.0, 857.0, -75.77219981814852
112, 3929.5, 356.5, 46.619984647337205
114, 3442.5, 3292.5, -70.00709885665937
115, 2143.5, 154.5, 155.02338882628123
116, 3531.5, 1859.5, -70.60353054826248
117, 1517.5, 3247.5, 35.15430866983153
118, 317.5, 1981.5, 29.953504253696764
119, 1065.0, 3625.0, 199.27301320481382
120, 1471.0, 438.0, 21.16191444263769
121, 1653.0, 2198.0, 9.775767175562848
122, 4391.0, 3447.0, 133.1031900062093
123, 282.0, 936.0, 286.963802027863
128, 3520.5, 1668.5, -82.025745011412
129, 740.5, 1116.5, 90.00371874979552
130, 552.0, 2879.0, -11.057297108655948
131, 3581.0, 2327.0, 5.910992603959921
132, 499.0, 3494.0, 248.95075926214992
133, 2925.0, 427.0, 91.01889981887403
135, 3212.5, 3222.5, 92.75013340132861
136, 4589.5, 3307.5, 96.18488749402343
137, 245.0, 2081.0, 84.92411670754554
139, 1135.5, 638.5, 71.01283684922137
140, 2365.5, 3038.5, 59.77659258302022
141, 2841.5, 3625.5, 40.89202991240118
142, 1045.5, 3181.5, -49.14056719633861
143, 1209.5, 1454.5, 189.77696356442087
144, 1860.0, 3000.0, 313.88870208297766
145, 2732.0, 2967.0, 68.31424438135716
146, 181.0, 3683.0, 211.90184917464845
147, 3235.0, 277.0, 123.3702058497931
148, 1171.0, 1960.0, 79.99761627713669
150, 573.5, 1603.5, 238.02648000031542
151, 4670.5, 2740.5, 234.02495449017286
152, 3668.0, 3207.0, 242.14188983877574
154, 2634.0, 255.0, 2.9337470304766953
156, 1810.0, 1286.0, 88.06948675001777
157, 2068.5, 162.5, 141.27972938011027
158, 2438.5, 1831.5, 188.23773593993587
159, 4110.5, 962.5, 50.87323619360835
160, 389.0, 2296.0, 128.79815989982632
161, 3396.0, 762.0, 264.20373478938717
163, 3333.0, 277.0, 266.36567424107176
164, 3585.0, 1451.0, 138.78148790619647
165, 2089.5, 3119.5, -9.937538349322873
166, 3648.5, 2747.5, 176.72654737688777
167, 4300.5, 2505.5, 88.73228841897239
170, 4676.5, 1310.5, 6.208373618554516
171, 1346.0, 1939.0, -33.713128832989995
172, 807.0, 532.0, 49.00579925702722
173, 825.0, 1430.0, 136.00883514687598
174, 2497.0, 238.0, 187.03781322894127
175, 1154.0, 2178.0, 52.85288231360006
176, 1055.0, 2026.0, 179.44449444060209
177, 3901.0, 3555.0, -77.29843135050892
178, 802.0, 1229.0, 138.95439779418228
179, 944.0, 631.0, -21.910254514102487
180, 2003.0, 2683.0, 3.4563360446061253
182, 592.5, 2743.5, 50.616883066357595
183, 2693.5, 610.5, 30.387577808023842
184, 4043.5, 1294.5, 84.25532238163542
186, 363.5, 3676.5, 224.59304243521962
187, 2948.0, 3233.0, 71.09834466528639
188, 1164.0, 2808.0, 57.86086716748602
189, 221.0, 2893.0, 26.918542886726236
190, 1633.0, 3445.0, 24.23805575885777
191, 1740.5, 2687.5, 16.90482275224999
194, 2818.5, 1150.5, 173.78316506828205
195, 1415.5, 800.5, -125.97597477542314
196, 613.5, 771.5, -12.203627985387556
197, 1163.0, 1226.0, 27.857707181329246
198, 3522.0, 285.0, 250.78976631430245
199, 206.0, 1103.0, 224.01128289700517
200, 3608.0, 2152.0, 44.11325140100702
202, 1236.0, 1376.0, 172.92913627102422
203, 1287.0, 477.0, 181.92508632283176
204, 759.0, 874.0, -21.867416927102173
206, 3039.5, 161.5, -44.04239917395951
209, 4425.5, 2563.5, 25.26579141473328
211, 2368.0, 448.0, 254.8923025314872
212, 537.0, 2300.0, 219.22003581063942
213, 2959.0, 255.0, 14.617699313391585
215, 4026.5, 501.5, 232.01794183193863
216, 4573.5, 416.5, 108.75998066539555
219, 3952.0, 1000.0, 191.8860655164675
220, 2401.0, 1614.0, 144.18670064267135
221, 3341.0, 2874.0, -17.145124451496002
222, 346.0, 1823.0, 32.02506242048058
223, 1187.0, 2104.0, 7.211577166795024
224, 3215.0, 2118.0, -21.998132694874343
225, 461.0, 1184.0, 81.93137990115038
228, 1479.0, 1378.0, -95.88415310476861
230, 2724.5, 2790.5, 137.94247194385008
232, 680.5, 503.5, 37.94855668619819
233, 3715.5, 858.5, 94.87665383421482
234, 3611.5, 1557.5, 178.07659020048354
236, 3085.0, 465.0, 182.13788787260106
239, 501.0, 3643.0, 2.0880949635514607
240, 3865.0, 375.0, 254.88845847623332
241, 281.0, 457.0, 132.87523355338797
242, 2959.0, 3339.0, 167.03060513470024
243, 1576.0, 1028.0, 115.01731609351106
244, 198.0, 3063.0, -144.53610561915028
246, 3712.0, 2377.0, 145.60096720318342
247, 2805.5, 2597.5, 103.61982632734382
248, 4156.5, 504.5, 184.94389467014312
249, 662.5, 2036.5, 208.18168273068358
250, 308.5, 3195.5, -1.8610432385889446
251, 637.5, 2524.5, 124.97624426504763
252, 2751.5, 1488.5, 210.0185250192981
256, 3995.0, 1798.0, -18.02034065091371
257, 4225.0, 359.0, 168.8350393517192
258, 500.0, 215.0, 26.531412928068626
260, 1980.0, 2281.0, -12.65485249266632
261, 2817.0, 2765.0, 104.00814241127367
262, 573.5, 1283.5, 170.81953708130567
263, 2844.5, 629.5, 123.02588480234346
264, 1825.5, 3467.5, 239.04497993089086
265, 1928.5, 3071.5, 276.4064182917424
266, 4693.5, 3340.5, 238.87004517881786
267, 3587.0, 1174.0, 187.8847211083708
268, 933.0, 1500.0, 44.18058050696115
269, 3361.0, 482.0, 84.15167140752713
270, 4496.0, 2992.0, 42.048208891509574
271, 2407.0, 1011.0, -76.02438683599482
272, 206.0, 812.0, 105.74365666959567
274, 3757.5, 3068.5, 27.96370894025027
277, 1927.5, 3334.5, 14.834838468402705
278, 4626.5, 570.5, -19.072995490616954
279, 3326.5, 116.5, 74.70030583544066
280, 2938.5, 1252.5, 263.1417158379701
283, 1409.0, 2712.0, -55.88329575242908
284, 3031.0, 1613.0, 222.88791342919845
285, 3289.0, 2545.0, -53.60909855609321
287, 1070.0, 1427.0, 28.999486035960565
289, 1849.0, 1524.0, -70.55470523323667
290, 2024.0, 3650.0, -70.3126272071641
293, 367.0, 1592.0, -139.95565937296305
294, 4584.0, 2288.0, 214.05543301107372
295, 1044.0, 1865.0, -96.97185370753238
296, 569.0, 2084.0, 13.186742297380889
297, 3026.5, 222.5, -96.97905165933233
298, 2997.5, 2166.5, 119.0175210167267
300, 1402.5, 318.5, 220.9404541131521
301, 449.5, 2980.5, 198.74246495523576
302, 3317.5, 1193.5, -64.03989721875223
303, 1748.5, 2331.5, 235.84951465322914
304, 3983.5, 2281.5, -94.7686346954502
305, 2408.5, 2293.5, 189.90507207972732
308, 497.0, 2022.0, 321.09772126625273
309, 1806.0, 1783.0, 167.10397709947182
310, 1822.0, 2919.0, 157.9865522604989
311, 1415.0, 1978.0, 116.04028015048594
313, 3402.0, 920.0, 1.1288826445924123
314, 3627.5, 1666.5, 103.02724007380311
315, 1053.5, 938.5, -166.37171412646288
316, 3225.5, 3022.5, 75.92663766494856
317, 2751.5, 3199.5, 110.98115886745835
318, 3105.5, 1692.5, 278.01245794097264
319, 119.5, 3098.5, 181.15763791211285
320, 3703.5, 972.5, 24.32139807655728
321, 1214.5, 1812.5, -3.974726888314059
322, 2214.0, 3030.0, 263.4347388030327
324, 2764.0, 2092.0, -101.24163568606359
325, 1488.0, 2403.0, 187.48857653600274
326, 548.0, 2676.0, -3.0377952325645277
328, 3894.0, 3648.0, -69.09020387429564
329, 4479.0, 3575.0, 259.09090478619885
330, 598.0, 2352.0, 37.059894041036934
331, 3466.5, 2917.5, 149.70066172440409
332, 511.5, 2503.5, 23.09315083427585
334, 945.5, 140.5, -16.961041788726668
335, 4378.5, 2452.5, 32.92612257280574
336, 1330.5, 2119.5, -25.91783789615343
337, 1943.5, 1100.5, 262.88423487497727
338, 2936.5, 897.5, 141.88953693378716
339, 3406.0, 3451.0, 25.78412056428223
340, 2807.0, 3261.0, 127.72881148782182
341, 3043.0, 2660.0, 11.144398926583282
342, 2489.0, 174.0, 264.08270841749334
343, 979.0, 1454.0, 7.052814443048629
344, 1157.0, 831.0, -71.89609957894304
345, 3192.0, 995.0, 251.90347898237664
346, 1473.0, 3670.0, 142.24253563435957
347, 2745.0, 1315.0, -18.762288120461065
350, 3648.5, 1365.5, -114.35081554054247
351, 1550.5, 2273.5, 243.29529690993712
352, 1506.5, 1817.5, 255.94085030629236
353, 589.5, 161.5, -88.31587091021113
354, 1520.5, 2304.5, 64.9985667850948
355, 4223.0, 2132.0, 239.65212461931316
356, 464.0, 853.0, -61.51604066044344
357, 3073.0, 3149.0, 182.30193711610517
358, 2521.0, 3200.0, 39.66466089601353
359, 2336.0, 2135.0, 183.90373280125087
360, 297.0, 2594.0, 242.98375763891997
362, 1807.0, 2133.0, 100.13175890578631
363, 2626.0, 2882.0, -54.0860504648346
364, 714.0, 2935.0, 28.83345726220493
365, 3037.0, 1035.0, 227.37263377167056
367, 1333.5, 3249.5, 276.2396460318193
370, 2996.5, 3610.5, 286.94691807550214
372, 4604.5, 3493.5, 261.07694319435797
373, 3368.0, 2154.0, -51.932128572695376
374, 1010.0, 2726.0, 24.93834233030954
375, 335.0, 3470.0, 127.94328111025497
378, 2505.5, 3277.5, -16.932519211229845
379, 4155.5, 2718.5, -35.84818600976055
380, 3858.5, 3066.5, 113.15700694928697
382, 4310.5, 1033.5, 112.45999351528775
383, 2752.5, 3482.5, 170.03503252084005
384, 4614.5, 692.5, -45.07028554655155
385, 1896.5, 218.5, 175.96978395311788
387, 4609.5, 3202.5, 227.89316350261362
389, 634.0, 3171.0, 15.974435855543415
390, 440.0, 1596.0, 326.2292214170967
391, 1595.0, 359.0, 248.9500860991188
392, 4381.0, 326.0, 242.30464088980005
393, 3149.0, 2496.0, 21.86409162161237
394, 172.0, 3412.0, -0.8717595263001336
395, 1715.0, 626.0, 124.03563169916953
397, 3017.0, 583.0, 184.10826720831298
398, 1628.0, 1346.0, 272.52239836842
399, 2032.0, 3275.0, 82.83299328716984
401, 1552.0, 313.0, 296.7894288870426
402, 4619.0, 2907.0, -13.82635021607964
403, 704.0, 638.0, 100.08713297716064
405, 2976.5, 1765.5, -48.04786595962186
406, 3280.5, 3412.5, 143.03006615673914
407, 1939.5, 959.5, 30.297291259530887
408, 1945.5, 550.5, 140.77208112525463
410, 357.5, 3579.5, 197.83236002408353
411, 3515.0, 1623.0, 256.3756313646112
412, 2232.0, 2297.0, 179.98197432564425
414, 2126.0, 2903.0, 106.97117722833197
415, 1609.0, 3590.0, -72.81143064261316
417, 1257.0, 592.0, -68.09822957995596
418, 738.0, 1311.0, 117.18262110983497
420, 3049.0, 1295.0, 246.78374744121254
421, 4725.0, 644.0, 196.65514897891296
422, 3170.0, 2794.0, 4.191634960046642
423, 669.0, 1985.0, 128.99305507954847
425, 2326.5, 1919.5, 126.88849749543925
428, 2803.5, 2341.5, 65.36572374267968
429, 2147.5, 2497.5, 22.96945829107545
430, 4362.5, 3674.5, 199.98660585256624
431, 2906.5, 562.5, 133.83522048080266
432, 1380.5, 931.5, 184.94240215683743
434, 98.0, 173.0, 55.36577676782209
435, 4489.0, 699.0, 337.1032003212267
436, 2277.0, 653.0, -46.91108746390317
437, 1357.0, 1410.0, 209.04156118079328
439, 4106.5, 2048.5, 102.3045140650536
441, 3064.5, 3381.5, -80.05245342401439
442, 4497.5, 2009.5, -22.641342376464635
443, 3797.5, 1118.5, 93.41190085095354
445, 2545.5, 1603.5, 86.87824644396477
447, 1422.5, 1306.5, -47.84855803414588
448, 1522.5, 1964.5, 119.05327555498579
449, 614.5, 3484.5, 244.47481032753026
450, 4527.5, 1336.5, -81.94710385140091
451, 2273.0, 793.0, 22.90716084340525
452, 2658.0, 1903.0, 32.94360596573418
453, 854.0, 272.0, 7.954807000144569
454, 1225.0, 2735.0, -49.19889290781042
455, 2078.0, 549.0, 285.01609423828245
456, 1286.0, 1942.0, 115.8718465593915
458, 932.0, 1034.0, 95.19815499836861
460, 1837.0, 916.0, -9.291242447051872
461, 125.5, 485.5, 164.4370384668109
463, 4510.5, 991.5, 79.9257184940819
464, 144.5, 1420.5, 220.83836334782535
466, 2239.5, 2198.5, -4.99038982588591
467, 3602.5, 1996.5, -87.86521816817663
468, 4052.5, 2420.5, 241.21611186388265
469, 420.5, 2534.5, 119.88745972669895
471, 4344.5, 490.5, 63.93334345271584
472, 4661.5, 155.5, -26.903068038184482
473, 3685.0, 2901.0, -14.012197566115681
476, 2298.0, 2483.0, -38.198932972032466
477, 3916.0, 3462.0, 207.15620978218158
478, 3662.0, 2622.0, 201.8495794937467
479, 3518.0, 2025.0, -4.847211023557726
480, 4668.0, 1933.0, 233.1823008638309
481, 596.0, 385.0, -28.151103240282545
482, 1950.0, 2402.0, 256.7788458328178
485, 3074.5, 3050.5, -92.10978099931516
486, 2378.5, 830.5, 261.9227038550985
487, 2942.5, 2615.5, 266.3686349736012
488, 4567.5, 1575.5, 30.063488663503755
489, 2947.5, 3537.5, 180.4506948561816
490, 3350.5, 1541.5, 36.42140060858585
491, 1819.5, 1432.5, 7.775155634408723
494, 2167.0, 2650.0, -29.131310025870107
495, 1333.0, 3440.0, 23.835436992755582
499, 4248.0, 1491.0, 179.04583777934275
501, 2396.0, 696.0, 5.877281378924479
502, 2291.5, 1016.5, 186.56428168227487
503, 4063.5, 3337.5, -6.971296249365234
504, 1744.5, 265.5, 236.1362697047139
505, 3247.5, 2195.5, 130.06373022879484
506, 1758.5, 3189.5, 121.55547103685068
507, 1389.5, 3162.5, 47.696853256912696
510, 2014.0, 2941.0, 58.91401782512578
513, 2264.0, 3659.0, 117.08300733169912
514, 892.0, 418.0, 202.9958837388944
515, 1344.0, 710.0, -93.37454129121163
516, 1538.0, 1697.0, 16.195158618809828
521, 724.0, 1913.0, 96.04490126466831
523, 883.0, 2509.0, -17.57648243374234
525, 4125.0, 3025.0, 244.134792861
527, 1151.0, 1096.0, 200.7984808166849
528, 1377.5, 579.5, 24.261918976399073
529, 3732.5, 404.5, -111.04908579060847
530, 2840.5, 3466.5, 40.94254330056807
533, 3537.5, 2246.5, 80.25013478042979
534, 3751.5, 2148.5, 122.43819497377743
538, 3812.0, 1991.0, -9.163095164928173
540, 1041.0, 1154.0, 48.02330533855713
542, 465.0, 2758.0, 205.03178452798122
543, 4283.0, 2537.0, -63.51130929267802
544, 4713.0, 718.0, 128.89938921386593
546, 1066.0, 3448.0, 83.1899863641026
547, 2397.0, 1982.0, 200.85611741449125
548, 1856.0, 2313.0, -2.01022261552459
549, 1133.0, 493.0, 148.10636837494044
550, 204.0, 2607.0, 249.00305178371048
551, 2130.0, 3374.0, -59.694211182603034
553, 673.5, 2223.5, 125.40725441955274
554, 3754.5, 559.5, 159.0080071273582
555, 3096.5, 3227.5, 143.62080658097048
556, 2568.5, 1646.5, 131.30501086563243
557, 2288.5, 2389.5, 113.83694407152494
558, 4397.5, 2405.5, 92.74198244656496
559, 3575.5, 3643.5, 117.90778260624955
560, 4577.5, 2036.5, 38.80990965386477
561, 2544.5, 1743.5, 198.55918910815618
562, 900.5, 2397.5, -97.1519878190394
563, 328.0, 685.0, 271.01265353323345
564, 3190.0, 116.0, 113.76902064452726
565, 831.0, 159.0, 171.45672987721616
566, 3725.0, 1843.0, 270.8004266855199
568, 1167.0, 960.0, -34.17261704960887
569, 385.0, 2141.0, 105.30467440134771
571, 2691.5, 2532.5, 134.97600832253488
572, 2024.5, 249.5, 47.27708293544699
573, 4223.5, 306.5, -13.101217835743183
574, 375.5, 485.5, 248.33540804187064
575, 1697.5, 1232.5, -113.73313215532242
578, 4736.5, 3675.5, 92.96799951565191
580, 3663.5, 236.5, 55.957911055137274
581, 3936.0, 2081.0, 197.85581952741975
582, 1153.0, 3315.0, -50.20549009245482
584, 957.0, 3395.0, 72.47433811790144
586, 851.0, 2853.0, -92.00534916628327
587, 1204.0, 367.0, 58.05950219619854
588, 887.5, 486.5, -22.057396305601824
589, 4651.5, 1691.5, -165.09062238938355
590, 813.5, 1338.5, 35.94607420543867
591, 1097.5, 3400.5, 263.79014758602153
592, 1292.5, 2725.5, -61.21850521361477
593, 3704.5, 2080.5, 90.18896464730356
594, 3709.5, 1964.5, 61.17204659269579
595, 4529.5, 3392.5, 207.09674389883065
596, 1855.5, 1722.5, 288.9188432549536
597, 1870.5, 320.5, 146.90809202301295
599, 3950.0, 1296.0, 57.93153318870914
600, 1549.0, 3684.0, 83.04406037679489
602, 2758.0, 1899.0, 215.07985693427466
603, 3476.0, 446.0, 96.92765049947482
604, 569.0, 1760.0, 240.92216396396384
605, 3963.0, 2995.0, 154.69442092824897
606, 1797.0, 705.0, 56.015190482143566
607, 2548.0, 2642.0, -78.97939129737327
608, 2551.0, 670.0, 258.8671534766888
609, 919.5, 867.5, 75.71729993829958
610, 4188.5, 675.5, 101.32252477152629
613, 3594.5, 3112.5, -70.99609695683992
614, 2977.5, 3169.5, 132.84311496840513
618, 4540.5, 1775.5, 225.91831386287873
619, 1129.5, 3098.5, 263.94905154314273
620, 3251.5, 1841.5, -118.89475462363333
621, 1724.5, 1009.5, 53.000319816859125
623, 4067.5, 3240.5, 214.07413991762658
624, 573.5, 3717.5, 58.751406688325105
625, 3429.5, 873.5, 4.106621452761587
626, 4733.5, 2619.5, 133.6916327671233
627, 268.5, 2233.5, -104.9697881823335
629, 4362.0, 1187.0, 106.89220435362765
631, 1426.0, 3062.0, 180.93022295839364
632, 2406.0, 175.0, 112.87615055506429
633, 1678.0, 3502.0, 44.43618475492122
634, 2706.0, 1991.0, -25.83022742386222
635, 3204.0, 1979.0, 216.56460678790626
637, 2561.0, 1935.0, 71.87520381007386
639, 3740.0, 196.0, -82.87247593763504
640, 2263.0, 217.0, 188.96802718278317
641, 3874.0, 2925.0, 261.03947452938814
642, 4077.0, 2672.0, 100.88840794075585
643, 3019.5, 2476.5, 171.05850900345035
644, 2818.5, 3085.5, 96.89872044632085
645, 823.5, 3114.5, -55.99230960279557
646, 2743.5, 727.5, 195.78064836567012
647, 356.5, 1041.5, -9.005430035302465
648, 619.5, 867.5, -39.41079978684942
649, 3546.5, 891.5, 85.12089798705148
650, 1281.5, 1307.5, -19.68757805757641
651, 492.5, 2604.5, 113.1083287634095
652, 1072.0, 1542.0, 122.26469434163856
654, 2750.0, 1657.0, 45.450906749967395
655, 4537.0, 1477.0, 151.095254521307
656, 831.0, 2750.0, 52.84607057939088
657, 4329.0, 2939.0, 53.191579713890555
660, 450.0, 1666.0, 62.94011683261313
661, 2448.0, 3682.0, 233.8498085528271
662, 4125.0, 2337.0, 250.995527801262
665, 3359.5, 3036.5, -3.3525396397694123
666, 518.5, 927.5, 74.10074016705403
667, 4546.5, 2769.5, 103.79887602586409
669, 2469.5, 3588.5, 175.86406999551997
671, 4669.5, 2902.5, 162.3241732490731
672, 3572.0, 2806.0, 45.82079823177125
673, 4147.0, 1891.0, -125.39298950184991
674, 1877.0, 2099.0, 254.98710478486765
675, 3555.0, 430.0, 107.15724385749623
676, 1258.0, 3320.0, -91.82540449863141
677, 2560.0, 2825.0, -68.61502399059086
678, 511.0, 709.0, -34.080696958119745
680, 3718.0, 3378.0, -28.1789484300933
681, 4746.0, 3392.0, 226.94409994447696
682, 2797.0, 549.0, 70.63199552508091
683, 249.0, 363.0, -5.1560398732039046
684, 1232.5, 3195.5, 7.9054835010277
685, 1066.5, 722.5, 279.55058976456473
687, 3444.5, 1622.5, 233.9236347411615
688, 1993.5, 389.5, 58.85608291515323
689, 3810.5, 2366.5, 120.86648223016974
690, 4451.5, 1117.5, 149.75431255059908
693, 3848.5, 2722.5, 165.43321993172742
694, 316.0, 1118.0, 93.98542349095736
695, 1909.0, 3224.0, 4.15013000328058
696, 1410.0, 3579.0, 145.33130329135534
699, 1798.0, 3401.0, 170.69962087952914
700, 4340.0, 1964.0, 181.2916227279748
701, 1918.0, 389.0, 231.95675008109924
702, 2269.0, 304.0, 51.249199795492956
703, 1734.0, 1513.0, -56.07369496486047
704, 4585.0, 3074.0, 181.92427517945387
705, 4113.5, 2174.5, 103.90896597203104
707, 2505.5, 2112.5, -128.52946674115228
709, 2328.5, 2783.5, 15.599938928430412
710, 210.5, 2474.5, 198.14229211145062
712, 350.5, 350.5, 51.463552510683705
713, 1687.5, 759.5, 152.90715221879503
717, 4203.5, 801.5, 43.646144334136764
720, 3347.5, 2736.5, 141.93720595182361
721, 1997.0, 587.0, 242.0816741724719
722, 4235.0, 582.0, 218.95111201280722
723, 2758.0, 1720.0, -64.06487499279065
724, 3357.0, 2600.0, 250.41669165532434
725, 4078.0, 3161.0, 134.17721974905146
727, 4473.0, 1895.0, 158.19921797627273
729, 1108.0, 588.0, 64.03183458563761
731, 1279.0, 1591.0, -29.05605075458054
732, 1663.0, 580.0, 71.7627167013578
735, 2141.0, 2115.0, 229.05355546212823
739, 4218.5, 1857.5, 18.94826873215059
740, 2497.5, 1862.5, 130.0226254168572
741, 3992.5, 2416.5, 130.02111378282544
742, 3513.5, 1089.5, 37.081875524740425
745, 891.5, 1626.5, 127.14450077093036
748, 2802.5, 1993.5, 167.77010619179651
749, 4382.5, 707.5, 12.963303631805406
751, 250.5, 3285.5, 293.53757195155686
752, 3078.5, 1590.5, -104.7038616339301
753, 2377.5, 2057.5, 147.02173926906903
755, 2997.5, 1891.5, 184.89531282662006
756, 4699.0, 1414.0, 8.74198109216725
759, 3011.0, 2019.0, -63.09311971798379
760, 1322.0, 1676.0, -63.669828595160396
761, 3617.0, 3526.0, -77.91322720160343
763, 4485.0, 503.0, 107.92824991316289
765, 4109.0, 186.0, -0.9175913714946677
766, 224.0, 544.0, -24.085054907924878
767, 1459.0, 3209.0, 42.25512453369093
769, 4664.0, 3043.0, 237.77332936088314
771, 4312.5, 238.5, 341.0514043624031
772, 2629.5, 883.5, 228.31688048926577
773, 1288.5, 2251.5, 47.75878832821505
774, 831.5, 3072.5, -32.11064688151097
775, 534.5, 842.5, 76.15293898897202
776, 1567.5, 1396.5, 92.07373178445702
777, 4308.5, 2653.5, 104.08152134534446
778, 1150.5, 2569.5, 57.21137167041766
780, 3217.0, 1703.0, -45.000946737295884
781, 367.0, 807.0, 166.75653897410956
782, 1197.0, 1516.0, 14.382897734480942
783, 4390.0, 1740.0, -66.01075284824695
784, 2668.0, 2273.0, -32.348373954698275
785, 1264.0, 2351.0, 34.168983251798075
786, 1007.0, 1741.0, 62.553987284517255
788, 2460.0, 587.0, 52.82521717373632
789, 949.0, 3530.0, 156.53443359798135
790, 777.0, 1653.0, 259.85658595472256
791, 4075.0, 2989.0, 207.69829184775685
792, 1575.0, 1221.0, -80.97597474507033
794, 2472.0, 2187.0, 89.94248960066587
795, 4047.0, 895.0, 6.827409472882213
796, 4572.0, 907.0, 60.618089995532245
799, 3836.5, 932.5, -27.565809846769888
800, 2280.5, 1630.5, 133.31924122754978
801, 1164.5, 2974.5, -55.07125791940822
802, 831.5, 2990.5, 62.212550252793754
803, 2745.5, 2666.5, -3.9137042338512913
805, 867.5, 1736.5, 111.69336377907824
806, 460.5, 476.5, 83.94547946823614
807, 3623.5, 466.5, 189.2158501692116
808, 3640.5, 872.5, -13.410475403882476
809, 3746.5, 1056.5, 93.07762093013162
811, 3346.5, 1746.5, 119.9123857467516
812, 4511.5, 850.5, -111.86924711035788
813, 3410.5, 2337.5, 187.59271106571913
814, 4323.0, 2090.0, -98.67278505992503
819, 593.0, 654.0, -96.73767912747198
820, 535.0, 3567.0, 117.15445230550708
824, 2055.0, 2052.0, 12.963783037953501
825, 4262.0, 919.0, -54.527243041541595
826, 650.0, 1203.0, -28.62695176165666
827, 1745.5, 3305.5, -41.96178759756036
829, 503.5, 1024.5, 213.00397008050868
831, 2008.5, 1395.5, -18.06459578810352
832, 3095.5, 1215.5, -23.278307046487313
838, 3218.5, 1776.5, 139.1488450050488
839, 2460.5, 343.5, 67.8963253571731
840, 664.5, 2387.5, 206.92870024406744
841, 1244.0, 3598.0, 184.1780976781867
845, 4284.0, 1860.0, 141.14603011415247
846, 4328.0, 3568.0, -118.10509320061126
847, 3117.0, 3615.0, 186.92607634909172
848, 267.0, 3476.0, 222.06528881226615
849, 3971.0, 2658.0, 229.76537162307181
850, 4386.0, 430.0, -86.00364037339052
852, 2660.0, 3384.0, 65.83689216023753
854, 1754.5, 1900.5, 217.86622339107046
855, 2933.5, 96.5, 52.123788075287955
856, 3369.5, 1901.5, 223.97169966144858
858, 3155.5, 2290.5, 121.73226457294126
859, 4574.5, 1699.5, 126.62142159216975
860, 4558.5, 2944.5, 173.92795857855336
861, 2394.5, 887.5, -13.151057436007276
862, 1718.5, 904.5, 123.09609864744144
864, 451.5, 1819.5, -19.850697431992494
865, 1204.5, 3434.5, 14.682512606892475
871, 4479.0, 2257.0, 74.96596833905114
872, 1337.0, 2676.0, 140.68487416080998
873, 574.5, 1691.5, 205.85914480106595
874, 4649.5, 2614.5, -27.171831568132923
876, 2141.5, 315.5, -107.74506302886292
877, 3462.5, 2176.5, 224.92308898279452
880, 3540.5, 791.5, 279.9598196691597
883, 560.5, 2977.5, -83.87433982756009
884, 152.5, 2359.5, -10.023175972534501
885, 385.5, 3032.5, 228.4849975126795
886, 3360.5, 2039.5, 64.39320609643207
887, 1767.5, 3556.5, -45.87733371530712
889, 3364.5, 3135.5, -41.10881178152577
892, 2843.0, 2828.0, 111.29497014947742
893, 4005.0, 1636.0, 241.9178230894081
895, 4487.0, 3129.0, 139.85221881438906
896, 2373.0, 3602.0, -2.8253650405577595
897, 2046.0, 433.0, 178.88766355958109
898, 4364.0, 602.0, 75.02768232822454
899, 4415.0, 2039.0, 14.674782350855395
901, 4202.5, 3377.5, 63.0673932380864
903, 242.5, 1236.5, 93.78200714959303
904, 110.5, 724.5, 43.11878364736106
906, 3576.5, 3272.5, 206.0000773986451
907, 3873.5, 189.5, -82.98394814259446
910, 784.5, 3587.5, 123.07291571551373
911, 3013.5, 2977.5, 152.00429298691887
912, 2129.5, 468.5, 16.188359310217166
913, 4163.5, 2807.5, -3.0847428192622885
914, 4710.5, 2909.5, -54.53553218653647
916, 2792.5, 2467.5, 110.62501203818331
920, 1150.0, 357.0, 81.6267817001608
922, 4228.0, 230.0, 265.8639445976977
924, 3837.0, 90.0, 133.52610826408682
926, 1820.0, 2238.0, 271.3116149860747
928, 1648.0, 1698.0, -62.05107201679449
929, 747.0, 2527.0, -15.334857603068896
930, 4255.0, 2779.0, 205.13049946194556
931, 94.0, 1476.0, 250.0600784178488
935, 602.5, 1044.5, -56.481464435790635
936, 1120.5, 2684.5, 25.761444493635608
937, 1152.5, 156.5, 140.67861160348176
938, 2197.5, 1633.5, 165.05644097349315
941, 222.5, 3198.5, -29.950147049176703
943, 4367.5, 2644.5, 239.22786436671782
945, 2275.5, 2609.5, -32.046883229738384
946, 3125.5, 2190.5, 177.0631996242461
947, 1649.5, 2646.5, -7.949267751518924
948, 2035.5, 661.5, 84.87545076043098
950, 3313.5, 1944.5, -77.94819871723658
951, 4397.5, 3020.5, 24.558061182051894
952, 4351.5, 1084.5, -66.06887978458695
953, 922.0, 2649.0, 160.99418197093274
955, 2273.0, 1509.0, 196.59344277715124
956, 862.0, 3393.0, 141.02356512633412
957, 2006.0, 901.0, 108.72014817776113
958, 4430.0, 2167.0, 288.9143865601037
959, 2061.0, 1179.0, 232.867828414654
961, 1040.0, 1063.0, -87.97752083087975
962, 1591.0, 1104.0, -44.799457158392414
963, 1314.0, 3352.0, 89.15843331534171
965, 3494.0, 1513.0, -73.4759619241232
966, 1509.0, 3367.0, -13.755856243682691
967, 518.0, 401.0, 17.207738288945553
969, 3383.5, 1577.5, 50.312350005379656
970, 3325.5, 942.5, 170.00605845779805
978, 2855.5, 1745.5, 11.028234756090615
980, 2111.5, 3005.5, 220.10831119298237
982, 2482.0, 3082.0, 232.28170730034415
985, 4093.0, 3387.0, 274.41666974297374
988, 700.0, 2600.0, 157.1571744987415
989, 2897.0, 2405.0, 94.90164279998424
990, 913.0, 2748.0, 6.258715398930875
993, 3160.0, 814.0, 58.14297782942781
996, 2161.0, 2184.0, -110.40673948264316
998, 128.5, 820.5, 185.19212980478713
1002, 437.5, 658.5, 82.82897641761015
1003, 695.5, 2149.5, 140.77061402216614
1004, 2748.5, 323.5, 66.0092183900401
1005, 1146.5, 3155.5, 74.84967437935195
1006, 1447.5, 1039.5, 263.178043098667
1007, 1920.5, 3592.5, 181.07447479085
1011, 1109.5, 2487.5, 100.67009333120689
1012, 4603.0, 3570.0, 231.26957090147081
1013, 231.0, 1501.0, -17.28743979026512
1015, 3077.0, 2026.0, 162.21636203376153
1018, 897.0, 2373.0, 2.8040947471104403
1019, 3242.0, 2773.0, -26.37186838919353
1021, 3987.0, 2014.0, 225.94634270635552
1022, 1407.0, 3358.0, 190.83560807679103
1023, 3347.0, 1047.0, 3.8449120437340127
1027, 4670.5, 233.5, 30.59240496542448
1028, 1351.5, 3310.5, 231.12676022679608
1029, 1289.5, 3489.5, -40.022823490897416
1030, 1348.5, 3173.5, 132.53240584518062
1033, 1682.5, 2486.5, 108.3062082850393
1034, 2889.5, 3025.5, -23.154014916876374
1035, 177.5, 1494.5, -13.893892555549293
1036, 3097.5, 286.5, 87.23849592748383
1037, 4285.5, 1169.5, 158.00407599796398
1039, 2260.5, 126.5, 253.89307793383688
1046, 4419.0, 1423.0, 84.75269563605185
1047, 2091.0, 2774.0, -44.119848100053325
1048, 1406.0, 105.0, 182.002013778813
1049, 1403.0, 211.0, 162.03784445045744
1050, 1338.0, 2859.0, -49.691662312400084
1051, 4579.0, 1164.0, -34.28976453734589
1052, 1525.0, 3039.0, 29.00904550103279
1054, 1524.0, 2144.0, 231.99735579716418
1057, 3171.5, 246.5, 231.5547858925391
1058, 4021.5, 1033.5, 169.8345585680327
1063, 2690.5, 1111.5, 82.46152548220743
1064, 1559.5, 2638.5, 329.1005293383188
1071, 3123.0, 2009.0, 63.11215554792259
1072, 4729.0, 3465.0, 186.13963609030415
1073, 1865.0, 1350.0, 196.12315825008542
1076, 4577.0, 1091.0, 53.20657354056763
1077, 986.0, 3264.0, 133.10304511167175
1078, 3679.0, 2267.0, 65.92253401583301
1079, 107.0, 1213.0, 70.52851743238688
1080, 268.0, 794.0, 147.37378628300274
1082, 1648.0, 2669.0, 153.98045758440156
1083, 2831.0, 1629.0, 225.37090515979094
1085, 1428.0, 2473.0, 220.4383747089062
1086, 334.0, 1178.0, 167.99970976479904
1087, 4546.0, 603.0, 331.831420873002
1090, 962.0, 1635.0, 9.264251702264499
1092, 4202.0, 2208.0, -45.84063521903979
1094, 3774.5, 262.5, 108.33157073165223
1095, 3853.5, 1245.5, 24.116136388243856
1096, 1270.5, 89.5, 17.315900629762425
1099, 3404.5, 1452.5, 186.24255780739028
1101, 3109.5, 3507.5, -10.294038832339027
1102, 3281.5, 1678.5, 144.30046174861624
1103, 746.5, 2316.5, 193.96438846835582
1104, 1504.5, 902.5, -87.01975657915031
1107, 4404.5, 983.5, 159.4684835696201
1110, 3974.5, 1133.5, 98.7838014335468
1113, 1725.0, 3679.0, -89.12442123925963
1116, 3423.0, 3551.0, -84.94134840862463
1117, 403.0, 2894.0, 7.470199844140442
1118, 2379.0, 1890.0, -31.924080490858195
1119, 4549.0, 2859.0, -17.067689289548717
1121, 3802.0, 1655.0, 106.7084331216054
1122, 3441.0, 1734.0, -32.41150965668268
1123, 1749.0, 444.0, 130.3417688596296
1124, 315.0, 2303.0, -106.68861506092738
1125, 4439.0, 1374.0, 28.30724478942045
1126, 3172.0, 739.0, 261.5383147489413
1128, 3612.0, 961.0, 55.12161061186586
1129, 3228.5, 2898.5, 118.08451543500632
1130, 1722.5, 2531.5, 6.305944121449954
1133, 3491.5, 2767.5, 207.72464685901826
1135, 1878.5, 2004.5, 96.79503922208842
1136, 4679.5, 926.5, -88.977441825756
1137, 416.5, 1743.5, -11.858309425479584
1138, 123.5, 2518.5, 4.067446733399144
1139, 1165.0, 105.0, 128.11875131699762
1141, 1237.0, 1031.0, 154.80512303911607
1144, 1503.0, 1139.0, 316.76670673814704
1146, 1125.0, 2378.0, 216.52637570082783
1149, 644.5, 3683.5, 163.77422325578777
1156, 961.5, 718.5, 38.01882681837374
1159, 3880.0, 3362.0, 39.317323329141296
1160, 373.0, 2005.0, 204.320355192995
1162, 947.0, 250.0, -4.107321040749827
1164, 2976.0, 2904.0, 138.8565379421833
1166, 206.0, 3513.0, 89.96273877014502
1167, 2539.0, 2293.0, -53.26769871988165
1168, 3675.0, 609.0, -71.04122609060266
1169, 1699.0, 343.0, 121.124168321061
1170, 4703.5, 2536.5, 179.99861367976052
1171, 1007.5, 3069.5, 215.11963866879026
1173, 3724.5, 1577.5, 122.14966771865106
1175, 3320.5, 2035.5, -31.484597958316165
1176, 3206.5, 3448.5, 95.2715614805206
1177, 1924.5, 1886.5, 250.4638937321738
1178, 3761.5, 2817.5, 46.9968772936887
1179, 1198.5, 3497.5, 19.943732981767592
1180, 1501.5, 3143.5, 142.282548068384
1181, 1314.5, 3640.5, 153.43737860842788
1182, 2669.0, 377.0, 174.04248164815283
1183, 1198.0, 2428.0, 94.87109120350942
1184, 2292.0, 1574.0, 223.98874654334693
1185, 247.0, 1707.0, 122.94945968604623
1186, 1023.0, 2450.0, -23.28434508936668
1188, 4763.0, 1624.0, -55.66541931777372
1191, 2848.0, 749.0, 108.57835876127243
1195, 3180.0, 3129.0, 241.05970162210144
1196, 3490.0, 656.0, 168.83410602330054
1197, 4283.5, 827.5, 57.926809918972594
1198, 2711.5, 907.5, 153.07469058316622
1199, 2664.5, 1460.5, 14.142111640112681
1200, 2070.5, 937.5, 95.88792493661913
1201, 3323.5, 3730.5, 2.8905496728552507
1202, 4312.5, 2002.5, 223.48895298768838
1204, 4151.5, 2590.5, 97.50728881442481
1207, 4066.5, 1652.5, 216.24165990333074
1208, 242.5, 1390.5, 112.98849575966433
1210, 1979.5, 1432.5, 234.84021305694614
1214, 2495.0, 1506.0, 55.477963129185554
1215, 787.0, 294.0, 2.9999085925936484
1218, 1581.0, 2999.0, -104.74810779554741
1219, 235.0, 2368.0, 205.29442974725873
1220, 3004.0, 3466.0, 98.42490500672687
1221, 3163.0, 1603.0, 219.58974256074654
1223, 106.0, 1642.0, 213.12431030461101
1225, 1797.5, 3440.5, -51.54754463211759
1226, 978.5, 423.5, 236.03667957055956
1227, 2573.5, 1336.5, 245.86556613737446
1229, 2322.5, 136.5, 201.74312415007003
1230, 2984.5, 2736.5, 44.919631615114895
1232, 2111.5, 2266.5, 34.983767145694685
1234, 4512.5, 3479.5, 62.970822055904435
1236, 2781.5, 3034.5, 210.61943784356032
1237, 1113.5, 2942.5, -77.10137447094328
1238, 3489.5, 1247.5, 241.97800096597246
1241, 1226.0, 2621.0, -51.286094806792775
1242, 2642.0, 1706.0, -40.55402953680468
1250, 2534.0, 2348.0, 254.02695533281198
1251, 2023.0, 1909.0, -57.90530999134754
1252, 2981.0, 939.0, 282.78195558411187
1254, 2807.0, 2924.0, 92.09220586940062
1257, 1962.5, 3130.5, 183.95259504670145
1258, 2214.5, 1294.5, 269.03832210868177
1259, 3168.5, 2378.5, 183.5849153122172
1260, 771.5, 3378.5, -9.341967599417323
1262, 3754.5, 2656.5, 6.041080417104247
1263, 3814.5, 2484.5, 174.39430647808084
1264, 3638.5, 1135.5, 45.87537706491918
1267, 987.5, 2371.5, -26.80891209266374
1268, 4154.5, 2377.5, 189.74069677749893
1269, 1738.5, 1629.5, 203.90714181444096
1271, 3879.5, 1180.5, -99.83231832797068
1272, 1266.5, 3107.5, 172.07553461792318
1275, 3079.5, 2328.5, 108.94636970760236
1276, 452.5, 1078.5, 8.34375742976179
1277, 1040.5, 3501.5, -105.49930127362278
1279, 2250.0, 2365.0, -53.129410842632055
1280, 98.0, 1956.0, 182.84739969755003
1281, 1311.0, 810.0, -53.76115653653214
1284, 1996.0, 1618.0, 191.22065681117556
1285, 260.0, 171.0, 21.808366123279672
1286, 3099.0, 2349.0, 89.33847921384529
1292, 2918.0, 2734.0, 187.3226351432403
1293, 3863.0, 2542.0, 95.80006756300214
1294, 1693.0, 1594.0, 30.10675190014568
1296, 3682.0, 3031.0, 57.832434998519055
1299, 3914.5, 96.5, 203.66849768640168
1301, 3052.5, 1515.5, 244.6313745937037
1303, 3155.5, 1393.5, 44.00885614452972
1305, 877.5, 3305.5, 284.4499513694059
1306, 766.5, 2758.5, 223.7895730376081
1308, 4558.5, 2698.5, -131.4942971805427
1309, 1192.5, 2518.5, 96.01306340528402
1310, 2293.5, 3000.5, 256.32445424504704
1311, 3902.5, 1349.5, 10.212995305279133
1313, 903.0, 2021.0, 150.64106984435352
1314, 4114.0, 2255.0, 24.030166356741965
1315, 2448.0, 2410.0, -61.19794018298155
1316, 953.0, 1376.0, 185.87470856732193
1321, 1868.0, 647.0, 45.13262113280908
1322, 3925.0, 2841.0, -38.17386119169379
1323, 1034.0, 2938.0, -19.08796660900092
1326, 2191.5, 1559.5, 10.79084271266553
1332, 1971.0, 743.0, 32.17325381063422
1334, 4089.0, 2872.0, 84.59389632530315
1336, 3223.0, 355.0, 4.099285873433978
1337, 561.0, 3398.0, 40.62152817835266
1340, 4351.0, 914.0, 218.01353877150328
1341, 3551.0, 2141.0, 161.88620009047
1342, 1562.0, 549.0, 51.03416993972668
1344, 2124.5, 1154.5, 181.4640416665069
1346, 2168.5, 2011.5, 58.543364392107975
1347, 4600.5, 1815.5, 158.97872539926215
1348, 2158.5, 1675.5, -47.97911008763637
1349, 4454.5, 1202.5, -61.14537695501625
1350, 4522.0, 3051.0, 268.45933412951115
1352, 2263.0, 1739.0, 244.95823010356412
1355, 2368.0, 553.0, 102.89081033011495
1357, 2451.0, 1342.0, 138.0078102256981
1360, 672.0, 390.0, 50.66890644630905
1361, 284.0, 1371.0, 104.01208870070492
1364, 4005.5, 2831.5, 144.83706640901588
1367, 4446.5, 3024.5, 25.55630018360753
1368, 472.5, 3672.5, 81.37467914163845
1369, 2951.5, 2473.5, 108.86095131662304
1372, 4451.5, 732.5, 71.04853733161414
1373, 2741.5, 3366.5, 251.0421141141976
1376, 4601.5, 799.5, -27.892454511038352
1378, 4572.0, 1397.0, -4.040219223502426
1382, 2014.0, 2576.0, 181.7821680588096
1384, 610.0, 3604.0, 142.00015270652796
1388, 362.5, 2104.5, 163.11563800066094
1391, 2793.5, 2179.5, -95.9000930239844
1393, 1969.5, 3195.5, 155.377630691203
1394, 93.5, 2999.5, 244.0999409105921
1396, 2907.5, 1071.5, 210.72419942009043
1397, 1418.5, 1203.5, 141.418284703604
1398, 1437.5, 683.5, 215.13814888614908
1400, 1340.5, 1836.5, 213.0284468870478
1403, 1963.0, 1700.0, 83.05528567247099
1404, 4267.0, 3022.0, 3.480139190267993
1408, 2968.0, 2255.0, 78.52424330416342
1413, 2836.0, 910.0, 82.8463171022219
1415, 4027.0, 2175.0, 217.25390355770136
1417, 3807.0, 1740.0, 73.25151501508675
1418, 748.5, 187.5, 219.70526412463698
1419, 2099.5, 1495.5, 30.00327001465013
1420, 2064.5, 1071.5, 260.2051258216759
1423, 4362.5, 2885.5, 52.365884014991664
1427, 559.5, 2567.5, 1.949854839079748
1428, 2316.5, 1801.5, 206.87008778733522
1430, 4463.0, 345.0, 222.13217370753267
1431, 4214.0, 2681.0, 121.83619578812349
1432, 2272.0, 1458.0, 245.3137706890571
1433, 981.0, 2988.0, 17.07401310607383
1436, 2427.0, 1496.0, 190.2370663312089
1438, 134.0, 3484.0, 97.39043347998208
1439, 1797.0, 2857.0, 258.7313654622161
1440, 1404.0, 1856.0, 102.78489205241684
1441, 1509.0, 3643.0, -62.24441666540899
1442, 871.0, 1090.0, 38.30232882282435
1444, 4044.0, 2580.0, 57.10735240377044
1446, 1662.0, 2342.0, -34.208178416589966
1448, 782.5, 1884.5, 236.396074456351
1450, 1832.5, 3236.5, 114.29673537571733
1451, 3517.5, 732.5, 216.56958269838327
1452, 582.5, 2193.5, 198.50733867708453
1454, 1712.5, 2173.5, 159.98634751589077
1458, 2022.5, 1146.5, 160.03075517435832
1461, 835.5, 2579.5, 206.82603984674532
1465, 814.0, 2380.0, 109.99700739206577
1466, 1051.0, 386.0, -26.043225470482273
1468, 1981.0, 1312.0, 222.33142482565142
1469, 282.0, 3690.0, 63.612826655522625
1471, 685.0, 3598.0, -68.08025679821812
1474, 3381.0, 1650.0, 200.4109692689221
1476, 3921.5, 1679.5, -82.11728648502438
1480, 319.5, 2154.5, 141.95013783689407
1484, 482.5, 2197.5, 81.1143354472889
1485, 1516.5, 2063.5, 34.54265510314268
1486, 4366.5, 818.5, -45.63985669827075
1487, 3266.5, 3131.5, 274.8795708854158
1488, 4730.5, 862.5, 42.43099553542841
1489, 4491.5, 885.5, -4.034720471444494
1492, 2890.5, 1805.5, 207.9396128281273
1496, 3268.0, 3542.0, 121.64735471401342
1501, 3021.0, 1081.0, 9.75134841073205
1503, 4150.5, 252.5, 188.52401460482503
1507, 115.5, 374.5, 211.0723142167913
1513, 4634.5, 3678.5, 240.57344727958233
1515, 4473.5, 2882.5, 278.52918473842647
1520, 4331.0, 3031.0, 171.2429094434629
1521, 86.0, 599.0, 255.29436970021263
1523, 2129.0, 2349.0, -54.92927643146244
1524, 1224.0, 1103.0, 57.63783607904148
1527, 4190.0, 163.0, 172.8553808003941
1529, 2107.0, 1875.0, 112.32266539291514
1530, 4586.0, 1511.0, 187.7201307075525
1531, 898.0, 3008.0, 89.76635596068176
1534, 3480.0, 2091.0, 317.48232120641006
1540, 2177.5, 3436.5, 28.958015514874802
1541, 707.5, 3057.5, 276.2047059071267
1542, 346.5, 3059.5, 264.5718848944367
1549, 4277.0, 760.0, 143.37216693281937
1551, 1383.0, 3687.0, -22.21753063721593
1554, 4047.0, 2730.0, -32.18819353945443
1557, 4319.0, 3144.0, 71.57945422603345
1559, 1707.0, 2893.0, 89.47947963644393
1561, 2840.0, 829.0, 123.60209030344123
1564, 193.5, 183.5, 94.79943533516919
1565, 795.5, 2654.5, 104.18148923140939
1579, 1158.0, 739.0, 242.35912256286687
1580, 4435.0, 832.0, -4.3235418301264446
1586, 3178.5, 1872.5, 223.13218390850994
1589, 3243.5, 1418.5, 116.42120825060124
1592, 1832.5, 1012.5, 29.31565319859962
1595, 4514.5, 2131.5, 149.97254178719984
1598, 3949.5, 1659.5, 193.37784643559857
1600, 4255.0, 2624.0, -48.65971739365466
1610, 386.0, 903.0, 221.97366862792197
1611, 900.5, 1888.5, 33.105757920011506
1614, 3791.5, 3481.5, 240.96369021811438
1616, 4054.5, 1054.5, 200.6371550852702
1617, 298.5, 2969.5, 234.74258278955352
1625, 869.0, 1833.0, 43.47616422198797
1626, 1637.0, 3667.0, 92.72314807405976
1628, 2327.0, 192.0, 64.96960520909778
1630, 4676.0, 813.0, -94.26746335095748
1631, 4381.0, 3148.0, 74.55077956125476
1633, 3847.0, 2830.0, -81.0329088397956
1634, 3579.0, 3020.0, -75.5474139539177
1640, 721.5, 3658.5, -22.889601827938236
1642, 234.5, 1641.5, 173.59229137650274
1650, 708.0, 3477.0, 76.99943395563643
1652, 2870.0, 2576.0, -72.56319800178593
1659, 1417.0, 3457.0, 49.91420104320275
1661, 4442.0, 1279.0, 244.11958855900224
1668, 1349.5, 1755.5, 113.4224529270452
1669, 2369.5, 1418.5, 234.34813272695754
1674, 4031.0, 1128.0, -39.31582397038589
1677, 3286.0, 1096.0, 1.6174745259360783
1678, 2881.0, 2503.0, 16.83681125397714
1681, 2917.0, 735.0, -130.73165175141457
1683, 3427.0, 1025.0, 154.4988760489409
1686, 1133.5, 218.5, 32.02421529351643
1689, 859.5, 2655.5, -27.451353846333692
1693, 4180.0, 3295.0, 173.13791704644294
1694, 3947.0, 2737.0, 62.069555871335865
1701, 702.5, 3541.5, 220.21956185154997
1703, 2032.5, 3171.5, 53.49395244520654
1705, 3865.5, 1683.5, 102.21467947181384
1707, 3817.5, 844.5, 26.041061418190928
1708, 1424.5, 1585.5, -38.37935501325638
1713, 3307.0, 2399.0, -9.280601566898142
1716, 2039.0, 3377.0, 74.88943605353224
1722, 4391.5, 2315.5, -59.288213934818245
1723, 2182.5, 1456.5, 227.29078581626075
1724, 1927.0, 996.0, 5.491853720051175
1726, 4787.0, 2551.0, 14.886167742351226
1728, 2027.0, 1729.0, 283.66368668312236
1736, 2104.5, 638.5, -54.37015631611007
1740, 3071.5, 1869.5, 141.9287464050758
1741, 3605.5, 2869.5, 243.22034029703377
1744, 4283.0, 2864.0, 58.03082206139301
1750, 2640.0, 1229.0, 220.89768474861822
1758, 103.0, 2120.0, 22.96148450224244
1759, 178.0, 1290.0, 155.90741914307182
1761, 3654.0, 2067.0, 24.48247750889143
1767, 433.5, 689.5, -50.142052891515114
1769, 3189.5, 2375.5, 103.93108165695072
1771, 4458.5, 447.5, 40.57128849175528
1776, 1956.5, 2036.5, 0.009186164752386317
1777, 3927.5, 1088.5, 15.982166321442868
1781, 3712.5, 1664.5, 234.36509788980496
1782, 3504.0, 2350.0, -15.023683034412272
1790, 776.5, 2600.5, 212.6957240727392
1800, 4426.0, 909.0, 11.508751955282133
1822, 286.0, 288.0, 295.9714943943667
1823, 2241.0, 1908.0, 130.5001294347546